out: data/spiroudome/data
field:
  a: [0, 0]
  b: [1175, 0]
  c: [2350, 0]
  d: [0, 425]
  e: [475, 425]
  f: [1175, 550]
  g: [1875, 425]
  h: [2350, 425]
  i: [0, 825]
  j: [475, 825]
  k: [1175, 1325]
  l: [1875, 825]
  m: [2350, 825]
  n: [0, 1250]
  o: [1175, 1250]
  p: [2350, 1250]
teams:
  samples_directory: data/spiroudome/data/team_samples
  samples: 600
views:
  - name: camera 2
    file: data/spiroudome/camera2-2.mp4
    index: data/spiroudome/camera2-2.mp4.index
    width: 1600
    height: 1200
    calibration:
      T: [ -3.36284134858181E+02, -3.10826286858717E+02, 3.04793054378895E+03 ]
      R: [ 9.32842297377222E-01, -3.60228514525202E-01, -6.37695436341951E-03, 1.14138731599135E-01, 2.78691258869896E-01, 9.53574083214541E-01, -3.41727374046808E-01, -8.90262095987737E-01, 3.01091019916891E-01 ]
      kc: [ -3.60977535140700E-01, 0.00000000000000E+00, -1.33701558398217E-02, 0.00000000000000E+00, 0.00000000000000E+00 ]
      fc: [ 1.89792348759109E+03, 1.89792348759109E+03 ]
      cc: [ 7.99500000000000E+02, 5.99500000000000E+02 ]
  - name: camera 1
    file: data/spiroudome/camera1-10.mp4
    index: data/spiroudome/camera1-10.mp4.index
    width: 1600
    height: 1200
    calibration:
      T: [ -9.32675578180907e+02, -1.36068384653700e+02, 2.65712394165044e+03 ]
      R: [ 8.60070242183579E-01, 5.09652665788774E-01, 2.30941283592943E-02, -1.71142812283968E-01, 2.45578204098984E-01, 9.54149612731176E-01, 4.80613479122063E-01, -8.24588082575727E-01, 2.98437895985533E-01 ]
      kc: [ -3.22866255546161E-01, 0.00000000000000E+00, -4.34655846862499E-03, 0.00000000000000E+00, 0.00000000000000E+00 ]
      fc: [ 2.23611326054846E+03, 2.23611326054846E+03 ]
      cc: [ 7.99500000000000E+02, 5.99500000000000E+02 ]
