field:
  out_directory: data/apidis/data
  points:
    a: [0, 0]
    b: [1396, 0]
    c: [2797, 0]
    d: [504, 305]
    e: [1099, 305]
    f: [1396, 305]
    g: [1698, 305]
    h: [2292, 305]
    i: [504, 1194]
    j: [1099, 1194]
    k: [1396, 1194]
    l: [1698, 1194]
    m: [2292, 1194]
    n: [0, 1499]
    o: [1396, 1499]
    p: [2797, 1499]
teams:
  out_directory: data/apidis/data
  samples_directory: data/apidis/data/team_samples
  samples: 600
views:
  - name: camera 1
    file: data/apidis/camera1-900+02.mjpeg
    index: data/apidis/camera1-900+02.mjpeg.index
    width: 1600
    height: 1200
    calibration:
      T: [ -4.69727007748896E+02, -1.66856671673325E+02, 2.90450695718749E+03 ]
      R: [ 9.46181267797096E-01, -3.21329727069587E-01, 3.85773893785405E-02, 6.87032666896473E-02, 3.15910578070924E-01, 9.46298244640169E-01, -3.16260762055697E-01, -8.92719280157138E-01, 3.20985073203834E-01 ]
      kc: [ -2.62986819135525E-01, 0.00000000000000E+00, -1.13991081354605E-03, 0.00000000000000E+00, 0.00000000000000E+00 ]
      fc: [ 1.89792348759109E+03, 1.89792348759109E+03 ]
      cc: [ 8.92002691087055E+02, 5.42383560486006E+02 ]
  - name: camera 2
    file: data/apidis/camera2-900+02.mjpeg
    index: data/apidis/camera2-900+02.mjpeg.index
    width: 1600
    height: 1200
    calibration:
      T: [ -8.57897372964820E+02, 1.09291969328598E+02, 1.00561824716240E+03 ]
      R: [ 3.51334128506563E-01, 9.33646581813173E-01, 6.97738519440704E-02, -3.45262342038067E-01, 5.99294158265380E-02, 9.36590828638140E-01, 8.70263319528591E-01, -3.53146606082048E-01, 3.43408254553976E-01 ]
      kc: [ -2.94497795034283E-01, 0.00000000000000E+00, -1.01773007237204E-02, 0.00000000000000E+00, 0.00000000000000E+00 ]
      fc: [ 1.63821444662461E+03, 1.63821444662461E+03 ]
      cc: [ 7.99500000000000E+02, 5.99500000000000E+02 ]
  - name: camera 6
    file: data/apidis/camera6-900+02.mjpeg
    index: data/apidis/camera6-900+02.mjpeg.index
    width: 1600
    height: 1200
    calibration:
      T: [ -2.24884606010667E+03, -9.03048320633604E+01, 1.97188627564210E+03 ]
      R: [ 9.35872559281890E-01, 3.44035929302861E-01, -7.60383596080468E-02, -5.19220766740370E-02, 3.48118385580789E-01, 9.36011585171082E-01, 3.48491966531541E-01, -8.72039488193822E-01, 3.43657504346459E-01 ]
      kc: [ -3.04946861476232E-01, 0.00000000000000E+00, 1.09964538343114E-02, 0.00000000000000E+00, 0.00000000000000E+00 ]
      fc: [ 1.76549066778195E+03, 1.76549066778195E+03 ]
      cc: [ 7.99500000000000E+02, 5.99500000000000E+02 ]
